190 245 91 161 168
104 161 70 168 152
106 146 77 151 152
162 208 60 112 124
112 190 53 131 148
====================
124 113 183 223 135
198 136 255 266 129
120 109 133 154 36
152 97 142 166 111
232 154 258 274 108
====================
125 44 196 114 138
21 44 59 34 52
21 38 48 19 48
107 16 163 95 105
85 52 171 92 120
====================
88 51 39 88 57
157 168 100 182 138
202 126 91 232 137
159 157 118 176 118
141 145 27 146 170
====================
91 96 51 30 32
126 130 88 31 91
108 135 89 57 102
86 88 42 21 35
86 144 75 85 58
====================
66 34 54 64 61
97 108 95 85 89
128 172 212 142 148
108 130 136 108 101
153 131 96 127 97
====================
